uc004cpc.3 NA 23 NA 198060 220022
uc004cpe.1 NA 23 NA 221425 230887
uc011mgz.2 NA 23 NA 281384 282054
uc004cpg.3 NA 23 NA 294667 347690
uc004cph.1 NA 23 NA 585078 607558
uc004cpj.2 NA 23 NA 800013 800044
uc004cpk.2 NA 23 NA 1314886 1331529
uc010ncv.2 NA 23 NA 1401570 1428828
uc022bru.1 NA 23 NA 1412810 1412885
uc004cps.3 NA 23 NA 1455508 1501582
uc004cpt.3 NA 23 NA 1505044 1511039
uc004cpw.3 NA 23 NA 1519423 1534314
uc004cpx.2 NA 23 NA 1522031 1571870
uc004cpz.2 NA 23 NA 1581465 1656037
uc004cqa.3 NA 23 NA 1710485 1721411
uc010ncy.3 NA 23 NA 1733940 1761974
uc004cqf.4 NA 23 NA 2137554 2419015
uc004cqh.2 NA 23 NA 2404454 2418580
uc004cqj.2 NA 23 NA 2527305 2575270
uc022bry.1 NA 23 NA 2531031 2533388
uc004cqm.3 NA 23 NA 2609227 2659350
uc004cqp.3 NA 23 NA 2670092 2734541
uc004cqs.1 NA 23 NA 2746862 2800861
uc004cqy.3 NA 23 NA 2822010 2847416
uc004crc.4 NA 23 NA 2852672 2882494
uc011mhj.2 NA 23 NA 2924653 2951426
uc022brz.1 NA 23 NA 2958274 3030770
uc022bsa.1 NA 23 NA 3189860 3202694
uc004crg.4 NA 23 NA 3226608 3264684
uc010nde.3 NA 23 NA 3522383 3631675
uc022bsb.1 NA 23 NA 3735575 3761935
uc022bsc.1 NA 23 NA 3756417 3756491
uc004crl.3 NA 23 NA 3771064 3781615
uc011mhl.1 NA 23 NA 3782438 3799884
uc022bsd.1 NA 23 NA 3794841 3794915
uc004crn.3 NA 23 NA 3809488 3820041
uc022bse.1 NA 23 NA 3833270 3833344
uc004crr.3 NA 23 NA 5808082 6146706
uc022bsf.1 NA 23 NA 6301946 6302004
uc004crs.3 NA 23 NA 6451658 6453159
uc011mhm.1 NA 23 NA 6966960 7066231
uc022bsh.1 NA 23 NA 7065900 7065978
uc004cry.4 NA 23 NA 7137471 7272682
uc004crz.3 NA 23 NA 7810302 7812184
uc011mhr.1 NA 23 NA 7866803 7895780
uc022bsi.1 NA 23 NA 8095005 8095102
uc004csb.3 NA 23 NA 8137984 8139308
uc011mht.2 NA 23 NA 8432870 8434551
uc004csf.3 NA 23 NA 8496914 8700227
uc004csg.3 NA 23 NA 8758836 8769424
uc011mhu.2 NA 23 NA 8993036 9001116
uc004csk.3 NA 23 NA 9373384 9373450
uc011mhw.1 NA 23 NA 9374425 9374460
uc022bsl.1 NA 23 NA 9374468 9374497
uc011mhx.2 NA 23 NA 9375360 9375426
uc011mhy.2 NA 23 NA 9375782 9375838
uc022bsm.1 NA 23 NA 9376291 9376357
uc022bsn.1 NA 23 NA 9376739 9376777
uc004csm.2 NA 23 NA 9377218 9377253
uc011mhz.1 NA 23 NA 9377261 9377290
uc022bso.1 NA 23 NA 9377644 9377700
uc011mia.2 NA 23 NA 9378153 9378219
uc011mib.2 NA 23 NA 9379198 9379264
uc004csp.1 NA 23 NA 9379647 9379684
uc022bsp.1 NA 23 NA 9380130 9380196
uc022bsq.1 NA 23 NA 9380565 9380608
uc022bsr.1 NA 23 NA 9381175 9381241
uc022bss.1 NA 23 NA 9382216 9382251
uc022bst.1 NA 23 NA 9382259 9382288
uc004csr.3 NA 23 NA 9433200 9687780
uc004cst.2 NA 23 NA 9693452 9734005
uc004csu.1 NA 23 NA 9754495 9917481
uc022bsu.1 NA 23 NA 9935397 9936042
uc004csx.4 NA 23 NA 9983794 10112518
uc004csy.4 NA 23 NA 10124984 10205699
uc004cti.4 NA 23 NA 10413349 10851809
uc004ctx.3 NA 23 NA 10466857 10468872
uc022bsv.1 NA 23 NA 10550856 10550959
uc022bsw.1 NA 23 NA 10939960 10940057
uc004cui.1 NA 23 NA 10988010 11129258
uc004cuj.3 NA 23 NA 11129405 11141204
uc004cup.1 NA 23 NA 11155662 11683821
uc004cus.3 NA 23 NA 11311532 11318881
uc022bsx.1 NA 23 NA 11615063 11615191
uc004cuw.3 NA 23 NA 11776277 11793872
uc022bsy.1 NA 23 NA 12072942 12073045
uc004cuz.2 NA 23 NA 12156584 12742642
uc022bsz.1 NA 23 NA 12251432 12251484
uc022bta.1 NA 23 NA 12633886 12633970
uc004cva.3 NA 23 NA 12809473 12842346
uc004cvc.3 NA 23 NA 12885201 12908480
uc022btb.1 NA 23 NA 12920935 12961419
uc004cve.3 NA 23 NA 12924738 12941288
uc004cvf.3 NA 23 NA 12993225 12995346
uc004cvh.2 NA 23 NA 13053735 13062917
uc031tgt.1 NA 23 NA 13328770 13338052
uc010ned.3 NA 23 NA 13336767 13338518
uc022btc.1 NA 23 NA 13353359 13359944
uc004cvj.3 NA 23 NA 13587693 13651694
uc022btd.1 NA 23 NA 13614354 13614667
uc010neg.1 NA 23 NA 13671306 13682247
uc010neh.3 NA 23 NA 13707239 13727944
uc010nej.2 NA 23 NA 13730360 13752754
uc004cvp.4 NA 23 NA 13752831 13787480
uc004cvw.3 NA 23 NA 13789061 13835314
uc004cwd.3 NA 23 NA 14024844 14048035
uc010nep.3 NA 23 NA 14547419 14749933
uc004cwh.1 NA 23 NA 14861528 14891184
uc004cwi.3 NA 23 NA 14891526 14939459
uc004cwl.3 NA 23 NA 15262108 15288293
uc004cwp.2 NA 23 NA 15299830 15333746
uc004cwr.3 NA 23 NA 15337572 15353676
uc004cwt.2 NA 23 NA 15363712 15402535
uc004cwv.3 NA 23 NA 15402923 15511711
uc022bti.1 NA 23 NA 15470854 15470959
uc004cwx.4 NA 23 NA 15518899 15574652
uc004cxb.2 NA 23 NA 15579155 15620192
uc004cxc.2 NA 23 NA 15645440 15683154
uc011mir.1 NA 23 NA 15693038 15721474
uc004cxe.3 NA 23 NA 15756411 15805748
uc004cxf.1 NA 23 NA 15803838 15805712
uc004cxg.4 NA 23 NA 15808573 15841382
uc010nex.4 NA 23 NA 15843928 15873137
uc004cxj.3 NA 23 NA 16141423 16171641
uc031tgu.1 NA 23 NA 16185603 16189516
uc004cxm.3 NA 23 NA 16606121 16731059
uc004cxn.1 NA 23 NA 16668280 16672791
uc004cxp.3 NA 23 NA 16737706 16780807
uc004cxq.2 NA 23 NA 16804554 16862642
uc004cxs.2 NA 23 NA 16862774 16887978
uc022btj.1 NA 23 NA 16893268 16893390
uc004cxv.1 NA 23 NA 16964813 17171403
uc004cxx.3 NA 23 NA 17393542 17754113
uc022btk.1 NA 23 NA 17444003 17444077
uc004cyc.3 NA 23 NA 17755591 17773105
uc010nfa.3 NA 23 NA 17818168 17879457
uc004cyj.4 NA 23 NA 18181050 18239024
uc004cyl.2 NA 23 NA 18257432 18372844
uc004cym.3 NA 23 NA 18443724 18671749
uc022bto.1 NA 23 NA 18552981 18553187
uc004cyo.3 NA 23 NA 18657807 18690223
uc022btp.1 NA 23 NA 18693028 18693101
uc004cyq.3 NA 23 NA 18709044 18846034
uc004cyt.3 NA 23 NA 18908413 18913093
uc004cyv.4 NA 23 NA 18910415 19002480
uc004cyx.3 NA 23 NA 19007424 19140755
uc004czh.4 NA 23 NA 19362010 19379825
uc022btq.1 NA 23 NA 19378175 19533379
uc004czm.3 NA 23 NA 19552082 19905744
uc004czp.3 NA 23 NA 19930979 19988382
uc011mjh.1 NA 23 NA 20004934 20007897
uc010nfo.2 NA 23 NA 20024830 20135114
uc022btr.1 NA 23 NA 20035205 20035305
uc004czt.3 NA 23 NA 20142635 20159966
uc010nfp.3 NA 23 NA 20154183 20154531
uc004czu.3 NA 23 NA 20168028 20284750
uc022bts.1 NA 23 NA 20470225 20470549
uc022btt.1 NA 23 NA 21273651 21273755
uc004czx.2 NA 23 NA 21392535 21672813
uc022btu.1 NA 23 NA 21671685 21671755
uc004czz.1 NA 23 NA 21673608 21676448
uc004daa.3 NA 23 NA 21724089 21776278
uc004dae.3 NA 23 NA 21857655 21903541
uc011mjp.2 NA 23 NA 21874104 21876845
uc004dag.4 NA 23 NA 21958690 22012955
uc004dah.3 NA 23 NA 22050920 22266478
uc031tgy.1 NA 23 NA 22180848 22191100
uc022btw.1 NA 23 NA 22191615 22191699
uc031tgz.1 NA 23 NA 22277913 23311263
uc004dai.2 NA 23 NA 22291029 22292576
uc004daj.3 NA 23 NA 23018077 23020206
uc004dal.4 NA 23 NA 23352984 23414918
uc004dam.3 NA 23 NA 23685644 23704514
uc004dao.3 NA 23 NA 23721776 23761407
uc022btx.1 NA 23 NA 23800326 23800427
uc004dau.3 NA 23 NA 23801274 23804327
uc004dax.3 NA 23 NA 23851464 23926057
uc022btz.1 NA 23 NA 23854760 23855459
uc004daz.1 NA 23 NA 23926122 23957624
uc004dba.4 NA 23 NA 24001832 24045303
uc004dbc.3 NA 23 NA 24073064 24096927
uc031thb.1 NA 23 NA 24164341 24167771
uc022bua.1 NA 23 NA 24167761 24234372
uc011mjw.2 NA 23 NA 24328978 24331432
uc011mjx.2 NA 23 NA 24380877 24383541
uc004dbh.3 NA 23 NA 24483343 24568583
uc004dbi.3 NA 23 NA 24576203 24665455
uc004dbl.3 NA 23 NA 24712063 25015102
uc004dbo.1 NA 23 NA 24762557 24762687
uc004dbp.4 NA 23 NA 25021812 25034065
uc004dbq.2 NA 23 NA 26156459 26158853
uc004dbr.3 NA 23 NA 26210556 26213763
uc031thc.1 NA 23 NA 26234285 26236387
uc004dbs.3 NA 23 NA 26576453 26579169
uc004dbt.3 NA 23 NA 27193032 27417114
uc004dbu.1 NA 23 NA 27478327 27481458
uc004dbv.2 NA 23 NA 27608529 27651912
uc011mjy.2 NA 23 NA 27764925 27766938
uc004dbw.3 NA 23 NA 27826106 27841131
uc004dbx.1 NA 23 NA 27996109 27999566
uc004dby.2 NA 23 NA 28605680 29974017
uc022bue.1 NA 23 NA 29769566 29769659
uc004dbz.3 NA 23 NA 30233674 30238206
uc004dca.2 NA 23 NA 30248552 30255610
uc004dcb.3 NA 23 NA 30260056 30262308
uc004dce.3 NA 23 NA 30265270 30270155
uc004dcf.4 NA 23 NA 30322538 30327495
uc004dcg.2 NA 23 NA 30576940 30596033
uc022buj.1 NA 23 NA 30671475 30749577
uc004dcj.3 NA 23 NA 30845558 30907511
uc022buk.1 NA 23 NA 31039384 31039467
uc004dcl.1 NA 23 NA 31089357 31090170
uc004dda.1 NA 23 NA 31137344 33229673
uc031thd.1 NA 23 NA 31190482 31190525
uc031the.1 NA 23 NA 31191693 31191729
uc031thf.1 NA 23 NA 31196048 31196090
uc031thg.1 NA 23 NA 31196874 31196929
uc031thh.1 NA 23 NA 31200973 31201000
uc031thi.1 NA 23 NA 31224756 31224792
uc031thj.1 NA 23 NA 31241164 31241196
uc031thk.1 NA 23 NA 31279071 31279123
uc031thl.1 NA 23 NA 31341723 31341780
uc022bul.1 NA 23 NA 31356817 31356938
uc022bum.1 NA 23 NA 31366308 31366414
uc031thm.1 NA 23 NA 31366706 31366747
uc031thn.1 NA 23 NA 31462639 31462708
uc031tho.1 NA 23 NA 31496286 31496341
uc031thp.1 NA 23 NA 31496366 31496396
uc031thq.1 NA 23 NA 31496475 31496497
uc031thr.1 NA 23 NA 31515037 31515073
uc031ths.1 NA 23 NA 31525427 31525469
uc031tht.1 NA 23 NA 31645808 31645848
uc031thu.1 NA 23 NA 31676164 31676195
uc022bun.2 NA 23 NA 31697634 31697671
uc031thv.1 NA 23 NA 31697688 31697750
uc031thw.1 NA 23 NA 31747824 31747859
uc022buo.2 NA 23 NA 31792209 31792253
uc031thx.1 NA 23 NA 31792299 31792331
uc031thy.1 NA 23 NA 31838122 31838191
uc031thz.1 NA 23 NA 31893462 31893498
uc031tia.1 NA 23 NA 31947759 31947795
uc031tib.1 NA 23 NA 31947833 31947869
uc022bup.2 NA 23 NA 31950208 31950289
uc031tic.1 NA 23 NA 31986436 31986471
uc031tid.1 NA 23 NA 31986606 31986640
uc031tie.1 NA 23 NA 32235088 32235122
uc031tif.1 NA 23 NA 32235160 32235189
uc031tig.1 NA 23 NA 32305698 32305730
uc031tih.1 NA 23 NA 32364106 32364140
uc031tii.1 NA 23 NA 32364174 32364203
uc031tij.1 NA 23 NA 32382749 32382818
uc031tik.1 NA 23 NA 32383263 32383303
uc031til.1 NA 23 NA 32398676 32398705
uc031tim.1 NA 23 NA 32398725 32398757
uc031tin.1 NA 23 NA 32408163 32408193
uc031tio.1 NA 23 NA 32472915 32472956
uc031tip.1 NA 23 NA 32482743 32482766
uc031tiq.1 NA 23 NA 32486729 32486759
uc031tir.1 NA 23 NA 32490280 32490302
uc031tis.1 NA 23 NA 32503097 32503131
uc031tit.1 NA 23 NA 32563365 32563401
uc031tiu.1 NA 23 NA 32563416 32563458
uc022bur.1 NA 23 NA 32583973 32584010
uc031tiv.1 NA 23 NA 32632483 32632519
uc031tiw.1 NA 23 NA 32662291 32662321
uc031tix.1 NA 23 NA 32662333 32662381
uc031tiy.1 NA 23 NA 32717390 32717417
uc031tiz.1 NA 23 NA 32827657 32827688
uc031tja.1 NA 23 NA 32834568 32834591
uc031tjb.1 NA 23 NA 32834661 32834692
uc031tjc.1 NA 23 NA 32862888 32862913
uc031tjd.1 NA 23 NA 32862937 32862967
uc031tje.1 NA 23 NA 32867872 32867918
uc031tjf.1 NA 23 NA 33038257 33038311
uc004ddg.3 NA 23 NA 34147868 34150447
uc004ddh.3 NA 23 NA 34645180 34675405
uc004ddi.2 NA 23 NA 34960912 34963034
uc010ngt.1 NA 23 NA 35816458 35821852
uc004ddj.3 NA 23 NA 35937850 36008269
uc004ddk.1 NA 23 NA 36065052 36163187
uc011mkc.3 NA 23 NA 36246895 36403434
uc004ddl.2 NA 23 NA 37026431 37029739
uc031tjg.1 NA 23 NA 37060954 37061867
uc004ddo.3 NA 23 NA 37208527 37316548
uc011mkd.2 NA 23 NA 37430821 37536750
uc010ngy.1 NA 23 NA 37478968 37480588
uc004ddq.3 NA 23 NA 37545132 37591383
uc004ddr.2 NA 23 NA 37639269 37672714
uc004dds.3 NA 23 NA 37698088 37706889
uc004ddt.4 NA 23 NA 37850069 37850570
uc004ddx.3 NA 23 NA 37892786 37988073
uc004ddy.2 NA 23 NA 38008587 38080177
uc004ded.1 NA 23 NA 38143701 38186788
uc004def.4 NA 23 NA 38211735 38280703
uc004deg.4 NA 23 NA 38420730 38548172
uc010ngz.3 NA 23 NA 38660684 38665783
uc004dek.1 NA 23 NA 39164209 39186616
uc004del.1 NA 23 NA 39868528 39871435
uc004den.4 NA 23 NA 39910498 39956719
uc004der.2 NA 23 NA 40217979 40218014
uc004des.2 NA 23 NA 40218597 40218633
uc022bux.1 NA 23 NA 40219039 40219066
uc022buy.1 NA 23 NA 40219847 40219877
uc004det.3 NA 23 NA 40440215 40465888
uc022buz.1 NA 23 NA 40482817 40483388
uc004dew.3 NA 23 NA 40486172 40506819
uc004dex.4 NA 23 NA 40508794 40594804
uc004dez.1 NA 23 NA 40594651 40597946
uc004dfa.1 NA 23 NA 40671202 40704710
uc011mkp.2 NA 23 NA 40690469 40692449
uc022bva.1 NA 23 NA 40715000 40715119
uc004dfb.3 NA 23 NA 40944887 41095832
uc022bvb.1 NA 23 NA 41152050 41152169
uc004dfe.3 NA 23 NA 41192650 41209524
uc004dfh.2 NA 23 NA 41306712 41334905
uc004dfl.4 NA 23 NA 41374188 41782287
uc004dfq.4 NA 23 NA 41548225 41556530
uc004dft.3 NA 23 NA 41583407 41589388
uc022bve.1 NA 23 NA 41778506 41778602
uc004dfv.3 NA 23 NA 42636616 42637486
uc022bvf.1 NA 23 NA 42729652 42729672
uc004dfw.1 NA 23 NA 43036242 43085847
uc004dfx.3 NA 23 NA 43137548 43137585
uc004dfy.4 NA 23 NA 43514154 43606071
uc004dfz.4 NA 23 NA 43625856 43741721
uc004dga.3 NA 23 NA 43808023 43832921
uc004dgb.4 NA 23 NA 44007127 44202923
uc022bvh.1 NA 23 NA 44260848 44260950
uc004dgc.3 NA 23 NA 44382884 44402221
uc004dgd.3 NA 23 NA 44703248 44704134
uc004dge.4 NA 23 NA 44732422 44971845
uc004dgg.2 NA 23 NA 45007617 45060146
uc004dgj.1 NA 23 NA 45364632 45386484
uc031tjh.1 NA 23 NA 45589987 45592021
uc011mle.1 NA 23 NA 45605584 45605694
uc011mlf.1 NA 23 NA 45606420 45606530
uc004dgk.1 NA 23 NA 45707326 45710447
uc004dgl.1 NA 23 NA 46185713 46187080
uc004dgn.4 NA 23 NA 46306623 46334074
uc004dgq.2 NA 23 NA 46319732 46321944
uc004dgr.3 NA 23 NA 46357159 46404892
uc004dgs.5 NA 23 NA 46404924 46407910
uc004dgt.3 NA 23 NA 46433191 46457838
uc004dgv.2 NA 23 NA 46458685 46618607
uc022bvn.1 NA 23 NA 46565633 46565717
uc004dgw.4 NA 23 NA 46696346 46741791
uc031tji.1 NA 23 NA 46746853 46759139
uc004dgx.3 NA 23 NA 46771735 46920641
uc004dha.1 NA 23 NA 46937774 46952712
uc004dhc.3 NA 23 NA 47001614 47004609
uc004dhi.3 NA 23 NA 47004616 47046214
uc004dhj.4 NA 23 NA 47050198 47074527
uc004dhl.3 NA 23 NA 47064246 47065254
uc011mll.2 NA 23 NA 47082416 47089394
uc004dhp.3 NA 23 NA 47092313 47107727
uc004dhr.1 NA 23 NA 47229998 47273098
uc010nhr.1 NA 23 NA 47248048 47248175
uc004dhy.4 NA 23 NA 47305560 47342345
uc004dic.2 NA 23 NA 47420498 47431320
uc004die.3 NA 23 NA 47431299 47479256
uc004dif.3 NA 23 NA 47441689 47446190
uc022bvo.1 NA 23 NA 47446827 47446904
uc004dih.3 NA 23 NA 47483611 47489704
uc010nhv.4 NA 23 NA 47494918 47510003
uc004dim.3 NA 23 NA 47511190 47518579
uc011mlt.1 NA 23 NA 47518251 47519776
uc004dio.1 NA 23 NA 47566589 47596027
uc004dip.3 NA 23 NA 47693820 47696192
uc022bvq.1 NA 23 NA 47696300 47781655
uc004dit.3 NA 23 NA 47834249 47863394
uc004diu.3 NA 23 NA 47863733 47869128
uc004div.4 NA 23 NA 47917566 47930508
uc011mlv.2 NA 23 NA 47967366 47973694
uc004diy.3 NA 23 NA 47986602 47991997
uc004diz.1 NA 23 NA 48045655 48056199
uc004djb.1 NA 23 NA 48114796 48126879
uc031tjk.1 NA 23 NA 48160984 48165614
uc004djd.1 NA 23 NA 48205862 48216142
uc004djf.2 NA 23 NA 48242956 48252785
uc004djh.2 NA 23 NA 48261523 48271355
uc010nid.3 NA 23 NA 48316926 48328644
uc004djo.1 NA 23 NA 48334548 48344752
uc004djv.1 NA 23 NA 48368171 48379202
uc004djx.4 NA 23 NA 48380163 48387104
uc004dka.1 NA 23 NA 48398074 48420997
uc004dkf.2 NA 23 NA 48432740 48439553
uc004dkj.2 NA 23 NA 48455879 48463582
uc004dkm.4 NA 23 NA 48542185 48549817
uc004dkn.3 NA 23 NA 48555130 48567406
uc011mmh.2 NA 23 NA 48620153 48632064
uc004dkq.4 NA 23 NA 48644981 48652717
uc004dks.1 NA 23 NA 48660486 48683380
uc031tjl.1 NA 23 NA 48684922 48688279
uc004dkz.4 NA 23 NA 48689503 48694036
uc004dla.2 NA 23 NA 48750729 48755426
uc004dlg.3 NA 23 NA 48755194 48760422
uc004dlo.1 NA 23 NA 48760458 48769235
uc004dls.3 NA 23 NA 48770458 48776413
uc004dlu.3 NA 23 NA 48779302 48814893
uc004dlx.1 NA 23 NA 48818638 48828251
uc004dly.1 NA 23 NA 48830133 48858675
uc004dmb.3 NA 23 NA 48886241 48900990
uc011mmr.3 NA 23 NA 48916496 48927510
uc004dmg.1 NA 23 NA 48919408 48920724
uc004dmk.1 NA 23 NA 48932091 48937564
uc004dmr.3 NA 23 NA 48969021 48980079
uc010nin.1 NA 23 NA 49019180 49023836
uc004dmx.3 NA 23 NA 49028183 49031468
uc004dmy.1 NA 23 NA 49031905 49042776
uc004dmz.1 NA 23 NA 49044264 49056661
uc010nip.3 NA 23 NA 49061522 49089833
uc004dnd.2 NA 23 NA 49091926 49106987
uc004dnf.4 NA 23 NA 49106896 49121288
uc004dnh.2 NA 23 NA 49126305 49144555
uc010nir.1 NA 23 NA 49160124 49176311
uc004dno.4 NA 23 NA 49197562 49214430
uc004dof.4 NA 23 NA 49325433 49332821
uc004dog.4 NA 23 NA 49334991 49342370
uc004doh.4 NA 23 NA 49344540 49351917
uc004dol.2 NA 23 NA 49363615 49373139
uc004dom.3 NA 23 NA 49452053 49460596
uc004don.1 NA 23 NA 49593905 49598570
uc004doo.4 NA 23 NA 49641326 49643959
uc004dop.3 NA 23 NA 49644469 49647168
uc004doq.1 NA 23 NA 49687224 49863892
uc022bwe.1 NA 23 NA 49767753 49767844
uc011mnv.1 NA 23 NA 49768108 49768194
uc022bwf.1 NA 23 NA 49771257 49771345
uc022bwg.1 NA 23 NA 49773038 49773122
uc022bwh.1 NA 23 NA 49773571 49773635
uc022bwi.1 NA 23 NA 49774329 49774413
uc022bwj.1 NA 23 NA 49775279 49775358
uc022bwk.1 NA 23 NA 49777848 49777945
uc022bwl.1 NA 23 NA 49779205 49779291
uc004dow.1 NA 23 NA 49955410 49965664
uc004doy.3 NA 23 NA 50027541 50094911
uc010njr.2 NA 23 NA 50111878 50213721
uc004dpc.1 NA 23 NA 50331931 50333932
uc004dpe.2 NA 23 NA 50334642 50557044
uc011mnw.2 NA 23 NA 50653734 50659641
uc004dph.3 NA 23 NA 51075082 51080377
uc010njt.3 NA 23 NA 51232862 51239459
uc022bwm.1 NA 23 NA 51306111 51306183
uc022bwn.1 NA 23 NA 51424145 51425447
uc022bwo.1 NA 23 NA 51453924 51455226
uc004dpl.3 NA 23 NA 51486480 51489326
uc004dpn.3 NA 23 NA 51636697 51645450
uc004dpp.2 NA 23 NA 51793955 51797392
uc004dpr.4 NA 23 NA 51804922 51812368
uc010njw.1 NA 23 NA 51806442 51806569
uc004dpz.4 NA 23 NA 51927918 51935366
uc010njx.1 NA 23 NA 51933717 51933844
uc004dqc.2 NA 23 NA 51942921 51946358
uc004dqd.3 NA 23 NA 52108069 52111918
uc004dqe.3 NA 23 NA 52112077 52118822
uc004dqf.3 NA 23 NA 52238809 52243953
uc004dqk.3 NA 23 NA 52255219 52260363
uc004dql.3 NA 23 NA 52380351 52387096
uc004dqm.3 NA 23 NA 52387255 52391104
uc004dqn.3 NA 23 NA 52511760 52516904
uc004dqs.3 NA 23 NA 52528159 52533303
uc004dqv.3 NA 23 NA 52541053 52546197
uc011mob.1 NA 23 NA 52651984 52662998
uc004dqx.1 NA 23 NA 52673110 52683950
uc004dqy.1 NA 23 NA 52725945 52736249
uc004dra.1 NA 23 NA 52780307 52790617
uc004drc.1 NA 23 NA 52825185 52826388
uc004drd.1 NA 23 NA 52841227 52847322
uc004dre.3 NA 23 NA 52891557 52896332
uc004drl.3 NA 23 NA 52928084 52937585
uc022bwv.1 NA 23 NA 52976463 53024651
uc004dru.3 NA 23 NA 53078505 53109796
uc004drw.3 NA 23 NA 53111541 53117728
uc022bxd.1 NA 23 NA 53172141 53172180
uc004drz.3 NA 23 NA 53220502 53254604
uc004dsb.1 NA 23 NA 53221897 53223882
uc004dsd.3 NA 23 NA 53262057 53350522
uc004dsg.3 NA 23 NA 53401069 53449618
uc004dsk.4 NA 23 NA 53449804 53458063
uc004dsl.1 NA 23 NA 53458205 53461323
uc022bxg.1 NA 23 NA 53489158 53489180
uc004dsp.4 NA 23 NA 53559056 53713697
uc004dsr.2 NA 23 NA 53583183 53583302
uc004dss.2 NA 23 NA 53584152 53584235
uc022bxh.1 NA 23 NA 53584206 53584228
uc004dsu.3 NA 23 NA 53963112 54071569
uc004dsz.4 NA 23 NA 54094756 54209714
uc004dtc.2 NA 23 NA 54219255 54384438
uc004dte.3 NA 23 NA 54466852 54471731
uc004dtg.3 NA 23 NA 54471886 54522599
uc004dth.2 NA 23 NA 54556643 54593720
uc004dtj.2 NA 23 NA 54775331 54824673
uc004dtk.1 NA 23 NA 54834170 54842445
uc004dtp.1 NA 23 NA 54840802 54840933
uc004dtq.4 NA 23 NA 54946995 54957866
uc022bxj.1 NA 23 NA 54953737 54953866
uc004dty.2 NA 23 NA 54959566 55020511
uc004dtz.4 NA 23 NA 55026755 55034306
uc004dua.4 NA 23 NA 55035487 55057497
uc004due.4 NA 23 NA 55101488 55105336
uc004dug.2 NA 23 NA 55169534 55187628
uc022bxq.1 NA 23 NA 55206665 55206737
uc022bxr.1 NA 23 NA 55207823 55208944
uc004duk.3 NA 23 NA 55246791 55250541
uc022bxs.2 NA 23 NA 55284848 55291165
uc022bxt.1 NA 23 NA 55477892 55477953
uc004dum.3 NA 23 NA 55478537 55479999
uc004dun.2 NA 23 NA 55511048 55515631
uc004duo.3 NA 23 NA 55649832 55652621
uc004dup.3 NA 23 NA 55744109 55785207
uc004dur.3 NA 23 NA 56258821 56314322
uc004dus.3 NA 23 NA 56590025 56593443
uc004dut.4 NA 23 NA 56755717 56844004
uc010nki.2 NA 23 NA 56763220 56764017
uc004dux.1 NA 23 NA 57017263 57021988
uc004dva.3 NA 23 NA 57146114 57147979
uc011mor.1 NA 23 NA 57146286 57147065
uc004dvb.3 NA 23 NA 57162082 57164058
uc022bxy.1 NA 23 NA 57162254 57163033
uc004dvc.3 NA 23 NA 57313109 57515629
uc004dvd.3 NA 23 NA 57618268 57623910
uc004dve.3 NA 23 NA 57931863 57937067
uc004dvf.3 NA 23 NA 62567106 62571218
uc022bxz.1 NA 23 NA 62646437 62651523
uc011mot.2 NA 23 NA 62854847 63005426
uc022bya.1 NA 23 NA 63005881 63005967
uc004dvo.3 NA 23 NA 63404996 63425624
uc004dvs.3 NA 23 NA 63487960 63615333
uc004dvu.3 NA 23 NA 64135681 64196413
uc010nko.3 NA 23 NA 64708614 64727767
uc004dwa.2 NA 23 NA 64732461 64754686
uc022bye.1 NA 23 NA 64770501 64772301
uc004dwe.3 NA 23 NA 64808260 64845760
uc004dwf.3 NA 23 NA 64887510 64961793
uc022byf.1 NA 23 NA 64905377 64905400
uc004dwg.1 NA 23 NA 65235302 65240264
uc004dwh.2 NA 23 NA 65241579 65259967
uc011moz.2 NA 23 NA 65382432 65487230
uc004dwt.2 NA 23 NA 65815481 65835872
uc022byi.1 NA 23 NA 65896099 65896206
uc004dwu.2 NA 23 NA 66763873 66950461
uc004dww.4 NA 23 NA 67262185 67653299
uc004dwz.3 NA 23 NA 67718623 67757127
uc004dxb.3 NA 23 NA 67867510 67945684
uc004dxd.4 NA 23 NA 68048839 68062006
uc004dxh.3 NA 23 NA 68380580 68385365
uc004dxj.1 NA 23 NA 68399399 68429767
uc004dxk.3 NA 23 NA 68725077 68752351
uc004dxs.3 NA 23 NA 68835910 69259321
uc022bym.1 NA 23 NA 69242706 69242773
uc004dxt.1 NA 23 NA 69260391 69269788
uc004dxu.1 NA 23 NA 69282340 69284029
uc004dxw.3 NA 23 NA 69353317 69386173
uc004dxx.1 NA 23 NA 69397335 69425553
uc022byn.1 NA 23 NA 69441854 69442167
uc004dxy.3 NA 23 NA 69454504 69460511
uc022byo.1 NA 23 NA 69472891 69473012
uc004dxz.1 NA 23 NA 69478015 69479654
uc004dyb.2 NA 23 NA 69488184 69501690
uc010nkv.3 NA 23 NA 69502021 69504852
uc004dyd.1 NA 23 NA 69506210 69509798
uc004dyg.3 NA 23 NA 69509878 69640774
uc011mpk.2 NA 23 NA 69642880 69653241
uc004dyi.2 NA 23 NA 69664704 69725339
uc022byp.1 NA 23 NA 69670728 69670872
uc004dyl.3 NA 23 NA 69748789 70128567
uc004dyn.3 NA 23 NA 70145429 70150975
uc004dyr.2 NA 23 NA 70279096 70288298
uc004dys.2 NA 23 NA 70315998 70323384
uc011mpo.2 NA 23 NA 70323738 70326638
uc004dyw.2 NA 23 NA 70327253 70331481
uc004dyy.3 NA 23 NA 70338405 70362304
uc004dzd.2 NA 23 NA 70364680 70391051
uc011mpt.1 NA 23 NA 70430034 70948962
uc004dzf.3 NA 23 NA 70435061 70445065
uc004dzh.2 NA 23 NA 70459473 70474038
uc004dzp.3 NA 23 NA 70503041 70521018
uc004dzr.1 NA 23 NA 70521627 70525204
uc004dzt.4 NA 23 NA 70586113 70685855
uc004dzz.3 NA 23 NA 70711376 70712604
uc004eaa.2 NA 23 NA 70752911 70795747
uc004eae.2 NA 23 NA 70797873 70833433
uc011mpx.2 NA 23 NA 70835765 70838367
uc022byt.1 NA 23 NA 70917045 70923256
uc011mpy.2 NA 23 NA 70934223 70938135
uc011mpz.2 NA 23 NA 70983139 70987051
uc011mqa.2 NA 23 NA 71130937 71363424
uc004eai.3 NA 23 NA 71264258 71264811
uc004eaj.2 NA 23 NA 71346960 71351751
uc004eal.2 NA 23 NA 71364033 71381600
uc004eam.3 NA 23 NA 71401525 71418194
uc004eaq.1 NA 23 NA 71424506 71458858
uc004ear.3 NA 23 NA 71492452 71497141
uc011mqc.2 NA 23 NA 71521487 71525764
uc004eau.3 NA 23 NA 71549365 71792953
uc004eax.4 NA 23 NA 71798663 71934029
uc022byy.1 NA 23 NA 72001688 72002484
uc004ebb.3 NA 23 NA 72064875 72068636
uc004ebc.3 NA 23 NA 72091858 72095622
uc022byz.1 NA 23 NA 72158002 72158798
uc004ebe.5 NA 23 NA 72161567 72163589
uc004ebf.3 NA 23 NA 72223351 72225551
uc004ebg.2 NA 23 NA 72297176 72299351
uc004ebh.1 NA 23 NA 72345875 72347919
uc004ebi.3 NA 23 NA 72432136 72434710
uc011mqk.2 NA 23 NA 72667089 72674421
uc022bza.1 NA 23 NA 72744110 72782921
uc004ebk.4 NA 23 NA 72782983 72906937
uc004ebn.2 NA 23 NA 73012039 73049066
uc004ebm.2 NA 23 NA 73040485 73072588
uc004ebo.2 NA 23 NA 73164158 73220326
uc010nlq.1 NA 23 NA 73247970 73513409
uc004ebq.1 NA 23 NA 73421436 73461983
uc022bzb.1 NA 23 NA 73438211 73438296
uc022bzc.1 NA 23 NA 73438381 73438453
uc022bzd.1 NA 23 NA 73438383 73438453
uc022bze.1 NA 23 NA 73506938 73507044
uc011mqm.2 NA 23 NA 73507120 73507192
uc004ebs.4 NA 23 NA 73524024 73524869
uc031tjy.1 NA 23 NA 73641327 73753764
uc004ebw.3 NA 23 NA 73802810 73834461
uc004eby.3 NA 23 NA 73952690 74145287
uc004ebz.4 NA 23 NA 74273006 74376175
uc004ecb.2 NA 23 NA 74493893 74524732
uc004ecf.1 NA 23 NA 74544123 74546232
uc004ecg.3 NA 23 NA 74588261 74743337
uc022bzf.1 NA 23 NA 74960372 74962914
uc004ecj.2 NA 23 NA 75002822 75005079
uc004ecl.1 NA 23 NA 75392770 75398033
uc004ecm.2 NA 23 NA 75648045 75651746
uc010nlv.1 NA 23 NA 75878197 76234957
uc010nlw.1 NA 23 NA 76139697 76139785
uc022bzg.1 NA 23 NA 76287129 76287248
uc011mqp.2 NA 23 NA 76709646 76712013
uc004ecp.4 NA 23 NA 76760355 77041719
uc004fof.3 NA 23 NA 77081861 77151065
uc004ecu.1 NA 23 NA 77154960 77160881
uc004ecx.4 NA 23 NA 77166193 77305892
uc004ecy.1 NA 23 NA 77223457 77225135
uc004ecz.4 NA 23 NA 77359665 77382324
uc004eda.3 NA 23 NA 77385244 77395179
uc004edb.3 NA 23 NA 77528129 77583087
uc004edc.1 NA 23 NA 77911565 77914825
uc010nme.3 NA 23 NA 78003205 78012578
uc022bzk.1 NA 23 NA 78156690 78156746
uc004edf.3 NA 23 NA 78200828 78217438
uc004edg.1 NA 23 NA 78426468 78427726
uc004edh.3 NA 23 NA 78615880 78623049
uc004edj.1 NA 23 NA 79277741 79287268
uc004edk.1 NA 23 NA 79483989 79565732
uc004edl.1 NA 23 NA 79591002 79700810
uc004edt.3 NA 23 NA 79924986 80065233
uc004eee.1 NA 23 NA 80369199 80457441
uc004eef.3 NA 23 NA 80457302 80554046
uc022bzn.1 NA 23 NA 81850262 81850481
uc004eeg.2 NA 23 NA 82763268 82764775
uc004eei.2 NA 23 NA 83116133 83141708
uc004eej.2 NA 23 NA 83313353 83442943
uc004eek.2 NA 23 NA 83572881 83757487
uc011mqw.2 NA 23 NA 84189156 84189896
uc004eem.3 NA 23 NA 84258897 84348323
uc004een.3 NA 23 NA 84347291 84363974
uc022bzo.1 NA 23 NA 84396967 84397050
uc004eeo.3 NA 23 NA 84498996 84528368
uc004eer.2 NA 23 NA 84532394 84634748
uc004eet.3 NA 23 NA 85116184 85302566
uc022bzp.1 NA 23 NA 85158640 85158712
uc004eew.2 NA 23 NA 85403454 86087605
uc004efa.2 NA 23 NA 86772714 86924596
uc004efc.4 NA 23 NA 88002225 88009785
uc004efe.3 NA 23 NA 89176939 89177882
uc031tkb.1 NA 23 NA 89852233 89852339
uc004efg.3 NA 23 NA 90689596 90693583
uc004efm.2 NA 23 NA 91090459 91878228
uc011mrb.1 NA 23 NA 91064464 91064633
uc004efp.1 NA 23 NA 91354535 91360178
uc022bzt.1 NA 23 NA 91368316 91368338
uc011mrc.2 NA 23 NA 91651900 91651987
uc004efq.3 NA 23 NA 92925924 92928682
uc022bzv.1 NA 23 NA 92929011 92967273
uc022bzy.1 NA 23 NA 93258813 93258921
uc022bzz.1 NA 23 NA 94318142 94318224
uc022caa.1 NA 23 NA 95306294 95306323
uc010nmx.3 NA 23 NA 95592084 95592901
uc022cab.1 NA 23 NA 95665430 95665781
uc004efu.4 NA 23 NA 95939661 96855597
uc004efv.4 NA 23 NA 96138906 96140450
uc022cac.1 NA 23 NA 96692825 96819534
uc022cae.1 NA 23 NA 97607750 97607847
uc011mrd.1 NA 23 NA 98716599 99194841
uc010nmz.3 NA 23 NA 99546641 99665271
uc004efy.4 NA 23 NA 99839789 99854882
uc004ega.1 NA 23 NA 99883794 99891794
uc004egb.3 NA 23 NA 99899162 99926296
uc010nnc.3 NA 23 NA 99929488 99986522
uc004egh.3 NA 23 NA 100075347 100095923
uc022caf.1 NA 23 NA 100077608 100077741
uc004egj.3 NA 23 NA 100098312 100129334
uc004egn.2 NA 23 NA 100168430 100183898
uc011mrf.2 NA 23 NA 100224696 100245820
uc004egq.3 NA 23 NA 100264333 100307105
uc004egw.3 NA 23 NA 100333835 100351355
uc004egx.3 NA 23 NA 100354797 100417978
uc004egz.2 NA 23 NA 100474932 100519485
uc004ehb.3 NA 23 NA 100523240 100548059
uc004ehd.2 NA 23 NA 100600643 100603957
uc004ehg.2 NA 23 NA 100604434 100641212
uc022cah.1 NA 23 NA 100645877 100669128
uc004ehl.1 NA 23 NA 100652778 100663001
uc004ehn.3 NA 23 NA 100663120 100669128
uc031tkc.1 NA 23 NA 100743030 100750798
uc004ehv.3 NA 23 NA 100805513 100809675
uc004ehy.3 NA 23 NA 100870107 100872991
uc004eia.1 NA 23 NA 100878119 100882831
uc004eif.3 NA 23 NA 100910267 100914863
uc011mrk.1 NA 23 NA 101087084 101112549
uc011mrl.2 NA 23 NA 101137259 101187039
uc004eip.3 NA 23 NA 101380659 101382684
uc004eiq.3 NA 23 NA 101394932 101397388
uc004eir.3 NA 23 NA 101408678 101410986
uc004eix.4 NA 23 NA 101502093 101581634
uc004eis.1 NA 23 NA 101470279 101481785
uc004eiy.4 NA 23 NA 101615315 101694929
uc004ejd.1 NA 23 NA 101715239 101726732
uc004eje.3 NA 23 NA 101768609 101771699
uc004ejf.1 NA 23 NA 101804892 101826621
uc004ejh.3 NA 23 NA 101854425 101859085
uc022cay.1 NA 23 NA 101854275 101972661
uc010nod.3 NA 23 NA 101906293 101914010
uc011mrv.2 NA 23 NA 102000906 102007369
uc004ejq.2 NA 23 NA 102024094 102140338
uc004ejs.3 NA 23 NA 102192199 102193228
uc004ejt.1 NA 23 NA 102317580 102319168
uc004eju.3 NA 23 NA 102330749 102348022
uc004ejw.4 NA 23 NA 102470019 102472128
uc004ejy.3 NA 23 NA 102507922 102510121
uc004ejz.2 NA 23 NA 102528617 102531797
uc004eka.3 NA 23 NA 102564273 102565883
uc004ekc.2 NA 23 NA 102585113 102587251
uc004ekg.3 NA 23 NA 102611379 102613397
uc004ekj.1 NA 23 NA 102632108 102632999
uc004ekk.3 NA 23 NA 102754680 102774417
uc004ekn.3 NA 23 NA 102840418 102842655
uc004ekr.3 NA 23 NA 102862833 102864855
uc004eku.3 NA 23 NA 102883891 102885876
uc011msa.2 NA 23 NA 102930425 102943086
uc004elg.3 NA 23 NA 102942211 102947484
uc011mse.2 NA 23 NA 102962271 102983552
uc004elh.3 NA 23 NA 102965836 102968960
uc004elk.3 NA 23 NA 103031753 103047547
uc004ell.2 NA 23 NA 103077254 103087212
uc022cby.1 NA 23 NA 103139054 103139097
uc004elm.1 NA 23 NA 103172239 103174131
uc004eln.1 NA 23 NA 103173478 103187485
uc010noz.3 NA 23 NA 103216593 103220563
uc010npa.1 NA 23 NA 103230501 103232785
uc004elr.3 NA 23 NA 103265718 103268256
uc004els.2 NA 23 NA 103294515 103297021
uc004elt.1 NA 23 NA 103315218 103317502
uc004elu.3 NA 23 NA 103343897 103401708
uc011msh.2 NA 23 NA 103357106 103360533
uc004elv.2 NA 23 NA 103366999 103369317
uc004elw.3 NA 23 NA 103411155 103440582
uc004ely.3 NA 23 NA 103494718 103499599
uc004elz.1 NA 23 NA 103810995 105011822
uc004ema.3 NA 23 NA 104463610 104465358
uc004emd.3 NA 23 NA 105066535 105202602
uc004eme.2 NA 23 NA 105277189 105282718
uc004emf.2 NA 23 NA 105412297 105452949
uc004emi.4 NA 23 NA 105855159 105922673
uc022ccb.1 NA 23 NA 105883043 105883127
uc004eml.3 NA 23 NA 105969893 106040246
uc004emo.3 NA 23 NA 106045918 106119377
uc004emp.4 NA 23 NA 106057100 106236592
uc004emr.2 NA 23 NA 106143292 106146561
uc022ccc.1 NA 23 NA 106161589 106174091
uc004emu.4 NA 23 NA 106183963 106243474
uc004emz.3 NA 23 NA 106309532 106362057
uc004ena.3 NA 23 NA 106366656 106449670
uc004enc.3 NA 23 NA 106449861 106487473
uc022cce.1 NA 23 NA 106843634 106848479
uc004ene.4 NA 23 NA 106871653 106894256
uc004enh.3 NA 23 NA 106956451 107019017
uc004enl.3 NA 23 NA 107069083 107174867
uc004enn.1 NA 23 NA 107224093 107225600
uc011msk.2 NA 23 NA 107288199 107322414
uc004enp.2 NA 23 NA 107327434 107334874
uc004enr.3 NA 23 NA 107334898 107397901
uc004env.4 NA 23 NA 107398836 107681658
uc004enz.2 NA 23 NA 107683073 107940775
uc004eoc.2 NA 23 NA 107975726 107979607
uc004eod.4 NA 23 NA 108616134 108725285
uc004eoe.2 NA 23 NA 108779009 108787927
uc004eoh.3 NA 23 NA 108866928 108868393
uc004eoi.2 NA 23 NA 108884563 108976621
uc004eom.3 NA 23 NA 109246341 109421016
uc022cci.1 NA 23 NA 109298556 109298654
uc022ccj.1 NA 23 NA 109325345 109325446
uc004eoo.3 NA 23 NA 109437413 109561380
uc010npr.1 NA 23 NA 109468216 109468288
uc004eor.2 NA 23 NA 109662284 109699562
uc022cck.1 NA 23 NA 109657139 109657216
uc004eos.1 NA 23 NA 109763539 109766249
uc004eow.3 NA 23 NA 109917083 110039076
uc010npv.1 NA 23 NA 110366304 110464173
uc004epb.3 NA 23 NA 110367492 110372431
uc004epc.2 NA 23 NA 110488326 110513774
uc004epd.3 NA 23 NA 110537006 110654374
uc031tkf.1 NA 23 NA 110664770 110664835
uc004eph.3 NA 23 NA 110754889 110765627
uc011msy.2 NA 23 NA 110924345 111003875
uc004epl.1 NA 23 NA 111017541 111326004
uc004epn.3 NA 23 NA 111125124 111147213
uc004epo.1 NA 23 NA 111326252 111700473
uc004epq.3 NA 23 NA 111873878 111923375
uc004epr.3 NA 23 NA 112018104 112066372
uc022ccu.1 NA 23 NA 112023945 112024016
uc022ccv.1 NA 23 NA 112162359 112162458
uc004epu.1 NA 23 NA 113818550 114144624
uc004epw.1 NA 23 NA 113865258 113865386
uc022ccw.1 NA 23 NA 113873917 113874002
uc022ccx.1 NA 23 NA 113886018 113886098
uc022ccy.1 NA 23 NA 113887129 113887198
uc022ccz.1 NA 23 NA 113949649 113949761
uc022cda.1 NA 23 NA 113997743 113997823
uc011mtd.2 NA 23 NA 114058016 114058127
uc004epx.3 NA 23 NA 114238537 114252207
uc010nqe.3 NA 23 NA 114345182 114468635
uc022cdc.1 NA 23 NA 114360878 114361007
uc011mte.1 NA 23 NA 114423962 114427431
uc004eqa.3 NA 23 NA 114524291 114542121
uc004eqc.1 NA 23 NA 114752496 114797058
uc004eqe.3 NA 23 NA 114827818 114885179
uc004eqg.1 NA 23 NA 115033603 115085422
uc004eqh.4 NA 23 NA 115301957 115306225
uc004eqi.3 NA 23 NA 115567746 115592625
uc004eqj.2 NA 23 NA 115592852 115594194
uc011mtp.2 NA 23 NA 117031775 117119376
uc004eqn.3 NA 23 NA 117480035 117583923
uc022cdf.1 NA 23 NA 117520356 117520434
uc004eqp.2 NA 23 NA 117629871 117820123
uc004eqs.3 NA 23 NA 117861558 117928496
uc022cdg.1 NA 23 NA 117872017 117872145
uc004equ.3 NA 23 NA 117957786 117960931
uc004eqv.3 NA 23 NA 117973518 117991683
uc004eqw.3 NA 23 NA 118108712 118151949
uc004era.4 NA 23 NA 118212597 118284542
uc004erb.3 NA 23 NA 118370210 118378429
uc004erd.3 NA 23 NA 118533257 118588437
uc022cdi.1 NA 23 NA 118590520 118590621
uc022cdj.1 NA 23 NA 118599995 118603083
uc004erh.4 NA 23 NA 118602362 118605359
uc004erk.2 NA 23 NA 118672111 118699397
uc004erl.3 NA 23 NA 118708498 118718379
uc022cdk.1 NA 23 NA 118722299 118739846
uc004erv.3 NA 23 NA 118750908 118827333
uc022cdl.1 NA 23 NA 118780700 118780811
uc010nql.3 NA 23 NA 118892575 118894165
uc004erx.2 NA 23 NA 118920466 118925622
uc004ery.1 NA 23 NA 118921315 118921447
uc004erz.2 NA 23 NA 118967988 118986991
uc004esb.3 NA 23 NA 119004494 119005791
uc004esc.4 NA 23 NA 119005733 119010629
uc004ese.3 NA 23 NA 119029935 119054679
uc004esh.3 NA 23 NA 119059012 119077735
uc004esi.1 NA 23 NA 119170200 119280760
uc004esj.4 NA 23 NA 119206228 119211707
uc004esk.2 NA 23 NA 119243010 119249847
uc004esl.4 NA 23 NA 119292466 119297945
uc004esm.3 NA 23 NA 119370308 119379122
uc004esn.1 NA 23 NA 119384606 119392251
uc004eso.4 NA 23 NA 119392504 119445391
uc004esr.3 NA 23 NA 119495939 119517104
uc004ess.4 NA 23 NA 119560002 119603204
uc004esw.3 NA 23 NA 119658445 119709684
uc011mub.2 NA 23 NA 119738551 119755016
uc004esz.3 NA 23 NA 119759528 119764005
uc011muc.2 NA 23 NA 120006451 120009779
uc011mue.2 NA 23 NA 120011344 120066151
uc004eta.3 NA 23 NA 120067694 120071012
uc004etb.3 NA 23 NA 120072555 120075873
uc004etc.2 NA 23 NA 120077415 120080733
uc004etd.3 NA 23 NA 120082276 120085594
uc004ete.3 NA 23 NA 120087136 120090454
uc004eth.3 NA 23 NA 120092019 120095337
uc004etk.3 NA 23 NA 120101740 120105058
uc004etl.3 NA 23 NA 120106600 120109918
uc004etm.2 NA 23 NA 120111460 120114778
uc004etn.3 NA 23 NA 120116320 120119638
uc004eto.3 NA 23 NA 120181461 120183796
uc022cdp.1 NA 23 NA 120466405 120466489
uc031tkh.1 NA 23 NA 121974278 121974498
uc004etr.4 NA 23 NA 122318095 122624766
uc011mug.1 NA 23 NA 122695945 122696055
uc004etu.3 NA 23 NA 122734411 122866904
uc022cdq.1 NA 23 NA 122762640 122762760
uc010nqu.3 NA 23 NA 122993661 123047829
uc004eua.3 NA 23 NA 123094474 123236505
uc004euf.4 NA 23 NA 123480131 123507010
uc010nqy.3 NA 23 NA 123509755 124097666
uc022cdr.1 NA 23 NA 124453968 124456950
uc004euk.2 NA 23 NA 125297481 125300080
uc004eul.3 NA 23 NA 125683365 125686842
uc010nra.3 NA 23 NA 125953746 125955768
uc004eum.3 NA 23 NA 127184940 127186382
uc004eun.4 NA 23 NA 128580477 128657460
uc022cdt.1 NA 23 NA 128652552 128652624
uc004euq.3 NA 23 NA 128674251 128726530
uc004eus.3 NA 23 NA 128779235 128788933
uc004eut.1 NA 23 NA 128872945 128903525
uc004euu.3 NA 23 NA 128913891 128929176
uc004euw.3 NA 23 NA 128937263 128977910
uc004euz.3 NA 23 NA 129040096 129063738
uc022cdu.1 NA 23 NA 129139163 129192058
uc004eve.4 NA 23 NA 129198894 129244688
uc004evg.3 NA 23 NA 129263337 129299861
uc004evl.3 NA 23 NA 129305772 129318844
uc004evm.3 NA 23 NA 129336672 129402922
uc004evp.1 NA 23 NA 129474046 129507335
uc011muv.2 NA 23 NA 129518318 129519511
uc004evt.3 NA 23 NA 129535942 129547317
uc004evu.3 NA 23 NA 129611042 129658231
uc010nrh.3 NA 23 NA 129628914 129631421
uc004evw.3 NA 23 NA 129757356 130037208
uc004evz.3 NA 23 NA 130192215 130223857
uc004ewe.4 NA 23 NA 130407482 130423403
uc011muw.2 NA 23 NA 130678047 130678974
uc004ewi.3 NA 23 NA 130836677 130964671
uc022cdx.1 NA 23 NA 131072873 131072984
uc004ewk.1 NA 23 NA 131157244 131209971
uc004ewn.3 NA 23 NA 131211020 131262050
uc004ewp.4 NA 23 NA 131337051 131352189
uc004ewr.1 NA 23 NA 131352649 131566839
uc004ewv.4 NA 23 NA 131503342 131574342
uc022cdz.1 NA 23 NA 131714144 131714251
uc011mvd.1 NA 23 NA 131760037 132095423
uc022cea.1 NA 23 NA 131791765 131791849
uc031tkk.1 NA 23 NA 131801669 131803915
uc011mvf.2 NA 23 NA 132159506 132162300
uc004exb.1 NA 23 NA 132350696 132352376
uc004exc.1 NA 23 NA 132435063 132549205
uc010nrn.2 NA 23 NA 132669775 133119673
uc022ceb.1 NA 23 NA 133303407 133303482
uc004exf.3 NA 23 NA 133303567 133303642
uc011mvi.1 NA 23 NA 133303700 133303796
uc022cec.1 NA 23 NA 133303712 133303735
uc022ced.1 NA 23 NA 133303838 133303907
uc022cee.1 NA 23 NA 133304070 133304141
uc004exg.1 NA 23 NA 133304227 133304308
uc011mvj.2 NA 23 NA 133371076 133379808
uc004exk.3 NA 23 NA 133507341 133562822
uc004exl.4 NA 23 NA 133594174 133634698
uc022cef.1 NA 23 NA 133674214 133674292
uc011mvl.2 NA 23 NA 133674370 133674461
uc022ceg.1 NA 23 NA 133674537 133674637
uc022ceh.1 NA 23 NA 133675370 133675467
uc004exm.4 NA 23 NA 133678456 133680653
uc011mvn.2 NA 23 NA 133680357 133680428
uc011mvo.1 NA 23 NA 133680643 133680741
uc004exn.1 NA 23 NA 133684053 133694428
uc004exo.1 NA 23 NA 133699872 133792513
uc022cej.1 NA 23 NA 133830061 133830113
uc004exq.3 NA 23 NA 133903595 133930385
uc004exz.2 NA 23 NA 133941222 133988641
uc004eyb.3 NA 23 NA 134021661 134049297
uc011mvs.2 NA 23 NA 134124967 134126503
uc004eyc.1 NA 23 NA 134154533 134156566
uc004eyd.3 NA 23 NA 134166332 134167575
uc004eyf.3 NA 23 NA 134184962 134186221
uc004eyh.2 NA 23 NA 134229014 134232733
uc004eyi.4 NA 23 NA 134252881 134254405
uc004eyj.3 NA 23 NA 134254548 134257529
uc004eyk.1 NA 23 NA 134290460 134305751
uc004eym.3 NA 23 NA 134382887 134477957
uc004eyo.3 NA 23 NA 134419722 134429965
uc004eys.3 NA 23 NA 134478695 134497338
uc011mvt.1 NA 23 NA 134540020 134540794
uc004eyv.4 NA 23 NA 134555867 134560225
uc022cer.1 NA 23 NA 134562092 134562210
uc004eyw.4 NA 23 NA 134654554 134716460
uc004eyy.3 NA 23 NA 134847184 134856988
uc004ezc.3 NA 23 NA 134883487 134891519
uc004ezd.3 NA 23 NA 134928696 134936735
uc022ces.1 NA 23 NA 134945650 134953994
uc004ezf.3 NA 23 NA 134963214 134971244
uc004ezh.3 NA 23 NA 134975784 134995220
uc004ezi.1 NA 23 NA 135044230 135056134
uc004ezk.3 NA 23 NA 135067585 135129428
uc004ezo.3 NA 23 NA 135229558 135293518
uc004ezt.3 NA 23 NA 135298973 135333738
uc004ezu.1 NA 23 NA 135383121 135499047
uc004ezv.1 NA 23 NA 135570124 135574598
uc004ezx.3 NA 23 NA 135579670 135594503
uc004ezy.3 NA 23 NA 135614310 135638966
uc022cev.1 NA 23 NA 135633036 135633119
uc022cew.1 NA 23 NA 135721701 135724588
uc004faa.3 NA 23 NA 135730335 135742549
uc004fab.3 NA 23 NA 135747711 135863503
uc022cey.1 NA 23 NA 135856157 135856264
uc004fae.2 NA 23 NA 135955605 135962939
uc004fah.1 NA 23 NA 135961357 135961430
uc004fai.1 NA 23 NA 135991553 136075814
uc011mwh.2 NA 23 NA 136112306 136113833
uc004fak.3 NA 23 NA 136648345 136654259
uc022cez.1 NA 23 NA 136770049 136770153
uc004fal.3 NA 23 NA 137696891 137699799
uc011mwj.2 NA 23 NA 137713733 138287185
uc022cfa.1 NA 23 NA 137749871 137749954
uc004fao.3 NA 23 NA 137794268 137798763
uc022cfb.1 NA 23 NA 137922164 137922184
uc022cfc.1 NA 23 NA 138528977 138531132
uc004fas.1 NA 23 NA 138612894 138645617
uc011mwo.1 NA 23 NA 138663929 138790381
uc022cfd.1 NA 23 NA 138681375 138681459
uc004faz.3 NA 23 NA 138808504 138914447
uc022cfe.1 NA 23 NA 139006306 139006390
uc004fbb.3 NA 23 NA 139037883 139047677
uc031tkm.1 NA 23 NA 139173825 139175070
uc022cff.1 NA 23 NA 139533312 139533373
uc004fbd.1 NA 23 NA 139585151 139587225
uc004fbe.2 NA 23 NA 139791923 139796996
uc004fbf.1 NA 23 NA 139863223 139866517
uc004fbg.1 NA 23 NA 139865424 139866723
uc022cfg.1 NA 23 NA 140008336 140008384
uc004fbh.3 NA 23 NA 140084755 140085871
uc004fbi.3 NA 23 NA 140096760 140097876
uc004fbj.3 NA 23 NA 140269930 140271310
uc004fbk.3 NA 23 NA 140335595 140336646
uc004fbm.1 NA 23 NA 140590842 140738069
uc004fbn.3 NA 23 NA 140671795 140672860
uc004fbo.3 NA 23 NA 140677834 140678899
uc004fbp.3 NA 23 NA 140713995 140714861
uc004fbq.3 NA 23 NA 140785567 140786655
uc011mwp.2 NA 23 NA 140926101 140985618
uc004fbt.3 NA 23 NA 140991641 140997187
uc004fbu.2 NA 23 NA 141290127 141293076
uc004fbv.4 NA 23 NA 142113703 142122066
uc022cfk.1 NA 23 NA 142178132 142178463
uc004fbw.3 NA 23 NA 142596563 142605307
uc004fby.3 NA 23 NA 142710594 142723926
uc004fbz.3 NA 23 NA 142795054 142804516
uc004fca.3 NA 23 NA 142967172 142968357
uc004fcb.2 NA 23 NA 144329106 144337728
uc011mwr.2 NA 23 NA 144902865 144907360
uc004fch.3 NA 23 NA 144908927 144911370
uc022cfo.1 NA 23 NA 145075792 145075869
uc022cfp.1 NA 23 NA 145076301 145076378
uc022cfq.1 NA 23 NA 145078186 145078261
uc022cfr.1 NA 23 NA 145078715 145078792
uc022cfs.1 NA 23 NA 145082570 145082649
uc022cft.1 NA 23 NA 145109311 145109390
uc031tkn.1 NA 23 NA 145508973 145509090
uc011mwu.2 NA 23 NA 145891301 145891929
uc011mwv.2 NA 23 NA 145895621 145896249
uc022cfu.1 NA 23 NA 146312237 146312361
uc022cfv.1 NA 23 NA 146312501 146312595
uc022cfw.1 NA 23 NA 146318430 146318545
uc022cfx.1 NA 23 NA 146331668 146331748
uc022cfy.1 NA 23 NA 146340277 146341244
uc022cfz.1 NA 23 NA 146342049 146342143
uc022cga.1 NA 23 NA 146353852 146353926
uc022cgb.1 NA 23 NA 146360764 146360862
uc011mww.2 NA 23 NA 146363460 146363548
uc011mwx.2 NA 23 NA 146366158 146366246
uc011mwy.1 NA 23 NA 146990948 147003676
uc010nst.3 NA 23 NA 146993468 147032647
uc004fcm.3 NA 23 NA 147062848 147108187
uc022cgh.1 NA 23 NA 147089619 147089735
uc004fcp.3 NA 23 NA 147582138 148082193
uc011mxe.2 NA 23 NA 148560294 148586884
uc004fcz.3 NA 23 NA 148593083 148607803
uc011mxl.1 NA 23 NA 148614963 148622504
uc004fdg.3 NA 23 NA 148622518 148629312
uc004fdk.3 NA 23 NA 148663308 148669116
uc022cgk.1 NA 23 NA 148674171 148676974
uc022cgl.1 NA 23 NA 148678215 148713487
uc004fdq.3 NA 23 NA 148793684 148798928
uc011mxr.1 NA 23 NA 148850566 148853774
uc004fdu.3 NA 23 NA 148853852 148854484
uc022cgm.1 NA 23 NA 148855725 148858528
uc004fdv.3 NA 23 NA 148863592 148869399
uc031tkp.1 NA 23 NA 149007562 149025779
uc004fdw.2 NA 23 NA 149009940 149014609
uc004fdy.3 NA 23 NA 149100414 149106716
uc004fea.2 NA 23 NA 149106765 149392815
uc022cgr.1 NA 23 NA 149396238 149396318
uc011mxu.2 NA 23 NA 149531550 149682448
uc004fef.4 NA 23 NA 149737046 149841616
uc004fei.3 NA 23 NA 149861868 149933575
uc004fek.3 NA 23 NA 149934808 150067289
uc004fep.3 NA 23 NA 150151762 150159248
uc022cgs.1 NA 23 NA 150336693 150336798
uc010ntg.2 NA 23 NA 150345055 150349937
uc004feu.3 NA 23 NA 150565656 150577836
uc004fev.4 NA 23 NA 150732006 150845211
uc022cgt.1 NA 23 NA 150863729 150870063
uc004fex.3 NA 23 NA 150884507 150891664
uc004fey.1 NA 23 NA 150903217 150914036
uc004ffa.3 NA 23 NA 151081360 151093642
uc004ffi.3 NA 23 NA 151121595 151143151
uc022cgx.1 NA 23 NA 151128099 151128184
uc004ffj.3 NA 23 NA 151282520 151286411
uc004ffl.3 NA 23 NA 151301782 151307050
uc010ntk.1 NA 23 NA 151335633 151619831
uc022cha.1 NA 23 NA 151419043 151419148
uc004ffo.3 NA 23 NA 151560690 151560771
uc022chb.1 NA 23 NA 151561431 151561510
uc022chc.1 NA 23 NA 151561651 151561735
uc022chd.1 NA 23 NA 151561892 151562001
uc022che.1 NA 23 NA 151562132 151562213
uc011myf.2 NA 23 NA 151562883 151562964
uc004ffp.1 NA 23 NA 151806636 151821825
uc004ffq.1 NA 23 NA 151867244 151870814
uc004ffs.3 NA 23 NA 151876742 151877747
uc004ffz.1 NA 23 NA 151883118 151887095
uc004fgc.3 NA 23 NA 151899292 151903184
uc004fgf.3 NA 23 NA 151903227 151909518
uc031tkq.1 NA 23 NA 151903227 151909518
uc004fgi.1 NA 23 NA 151918387 151922364
uc004fgo.3 NA 23 NA 151927733 151928738
uc004fgp.3 NA 23 NA 151934651 151938240
uc004fgq.3 NA 23 NA 151995870 151999301
uc004fgs.1 NA 23 NA 151999510 152037907
uc011myg.2 NA 23 NA 152082985 152142025
uc004fgy.4 NA 23 NA 152157367 152160761
uc004fhc.2 NA 23 NA 152224765 152228827
uc011myl.2 NA 23 NA 152240726 152243402
uc022chq.1 NA 23 NA 152243995 152246070
uc022chr.1 NA 23 NA 152338907 152340107
uc004fhf.2 NA 23 NA 152481521 152486116
uc004fhg.2 NA 23 NA 152599612 152618384
uc011myo.2 NA 23 NA 152683780 152687086
uc011myp.2 NA 23 NA 152710177 152711945
uc004fho.2 NA 23 NA 152713122 152736603
uc004fhr.2 NA 23 NA 152760346 152775004
uc004fht.1 NA 23 NA 152801579 152848387
uc011myr.2 NA 23 NA 152853382 152864632
uc004fhx.4 NA 23 NA 152907896 152916781
uc011myu.2 NA 23 NA 152935187 152939816
uc004fib.3 NA 23 NA 152953751 152962048
uc011mza.1 NA 23 NA 152965946 152989838
uc004fif.2 NA 23 NA 152990322 153010216
uc010nuk.2 NA 23 NA 153029650 153045940
uc004fil.3 NA 23 NA 153046455 153051187
uc004fip.4 NA 23 NA 153051220 153059978
uc022chw.1 NA 23 NA 153059629 153063967
uc004fiz.1 NA 23 NA 153067622 153096003
uc031tks.1 NA 23 NA 153126968 153151628
uc004fjh.4 NA 23 NA 153170427 153172620
uc004fjk.2 NA 23 NA 153172829 153191714
uc004fjm.2 NA 23 NA 153195279 153200607
uc004fjo.2 NA 23 NA 153200721 153210232
uc011mzi.1 NA 23 NA 153209600 153209674
uc004fjp.3 NA 23 NA 153213007 153236819
uc004fjq.2 NA 23 NA 153237990 153248646
uc022cia.1 NA 23 NA 153246547 153246628
uc022cib.1 NA 23 NA 153246548 153246627
uc004fjs.1 NA 23 NA 153275956 153285342
uc022cid.1 NA 23 NA 153285370 153285440
uc004fjw.2 NA 23 NA 153287263 153363188
uc004fjz.4 NA 23 NA 153409724 153424507
uc022cie.1 NA 23 NA 153424832 153441837
uc004fkb.3 NA 23 NA 153448084 153462352
uc011mzk.2 NA 23 NA 153461962 153482668
uc004fkd.3 NA 23 NA 153485202 153499470
uc004fkf.3 NA 23 NA 153498929 153523564
uc004fkg.3 NA 23 NA 153524026 153558713
uc004fkk.2 NA 23 NA 153576899 153603006
uc004fkl.3 NA 23 NA 153607596 153609883
uc010nuv.3 NA 23 NA 153625074 153627178
uc004fkm.2 NA 23 NA 153626570 153630680
uc010nux.1 NA 23 NA 153628621 153628756
uc004fkw.1 NA 23 NA 153629578 153640427
uc004fkx.3 NA 23 NA 153639876 153650063
uc004fld.4 NA 23 NA 153652727 153656796
uc004flf.1 NA 23 NA 153656977 153664862
uc004fli.4 NA 23 NA 153665258 153671814
uc004fll.4 NA 23 NA 153672472 153679002
uc004flm.3 NA 23 NA 153686622 153701985
uc004fln.1 NA 23 NA 153705240 153707596
uc004flo.3 NA 23 NA 153712055 153714932
uc004flq.3 NA 23 NA 153715649 153719002
uc004fls.2 NA 23 NA 153733326 153744566
uc004flx.1 NA 23 NA 153759605 153775233
uc011mzr.2 NA 23 NA 153770458 153793261
uc011mzt.3 NA 23 NA 153799478 153800188
uc004fme.3 NA 23 NA 153813417 153815075
uc004fmf.1 NA 23 NA 153845864 153847522
uc011mzu.3 NA 23 NA 153860738 153861448
uc022cij.1 NA 23 NA 153868251 153871017
uc004fmi.2 NA 23 NA 153880245 153881853
uc004fmk.1 NA 23 NA 153903526 153979348
uc004fmm.3 NA 23 NA 153991030 154005964
uc004fmn.3 NA 23 NA 153996802 153996932
uc004fmo.3 NA 23 NA 154003272 154003401
uc004fmp.2 NA 23 NA 154006958 154033802
uc022cik.1 NA 23 NA 154051622 154062937
uc004fmt.3 NA 23 NA 154064063 154250998
uc004fmu.3 NA 23 NA 154113316 154113833
uc004fmv.3 NA 23 NA 154114634 154116336
uc022cil.1 NA 23 NA 154115634 154115733
uc004fmw.3 NA 23 NA 154255063 154285191
uc004fmy.3 NA 23 NA 154289899 154299547
uc004fmz.2 NA 23 NA 154292308 154299547
uc004fna.3 NA 23 NA 154299694 154351349
uc004fnc.3 NA 23 NA 154444700 154468098
uc004fne.3 NA 23 NA 154487525 154493852
uc004fnf.3 NA 23 NA 154505499 154563986
uc004fng.3 NA 23 NA 154576449 154603823
uc004fnh.3 NA 23 NA 154610427 154610944
uc004fni.3 NA 23 NA 154611748 154613450
uc022cim.1 NA 23 NA 154612748 154612847
uc004fnj.3 NA 23 NA 154686574 154688276
uc022cin.1 NA 23 NA 154687177 154687276
uc004fnk.3 NA 23 NA 154689079 154689596
uc004fnl.3 NA 23 NA 154696200 154723771
uc004fnm.4 NA 23 NA 154697946 154716707
uc004fnn.3 NA 23 NA 154718672 154842622
uc004fnq.1 NA 23 NA 154997450 155012117
uc004fns.3 NA 23 NA 155110942 155173433
uc004fnv.1 NA 23 NA 155227245 155240482
uc004fnw.1 NA 23 NA 155249966 155253125
uc011nad.1 NA 23 NA 155255322 155257848
